4

11111 bet 11111111111111111111111111111111111111111111, 11111
, 11111111 11111111 1111111 111111, 111 ben 11111111 111111 1111111,
1111 111111 1111111111 11111 111111 111111, 111111 11111111 1111111
111111111111111 111 11111111 111 111111111111111111111, 1111
1111111111, bie 11111111 1111111111, 111 111111111111111111
1111111111111111111111111 11111111 1111 11111111

1111111 1111 bie 1111111111 1113111 11111111111111111111111111
111111, 11 1111111111 111 11111111 111 1111111111111111111111111
11111111 1111111111 111111111111111 1111111111. θ1111111111111
ὓ1111111 11111111 111 ῦ1111111111 11111111111111 1113111 111
1311111111 1111111111 1113111 11111111 11111111, 1111 11111 111111
111 bet 11111111 111 11181111111111111111111 1111111111
ὓ11111111111111111111111 1111, 111 1111111111 bie 111 (1511111111
6111111 11 bet 11111 1111111111 3111111111 111111111111111
11111111 11111.

Die 11111 ber 111111 11111) 111 111 111ὓ111111111 11111111
11 , bei 111111111111111111) 1111, 111 111111 11111 11 1111111,
1111111111111111 3111 111 1111111111111 1111111111 111
111111 13111 111 1111 111111 bie 111111 1111111111 111111.

Det (1111111111 ber 11111111 111 111 11111111 111ὓ111111111111
111111 11111111, 1111 11 11 1111111111)111111111111111111111.

bie 1111111111 1111111111111ὓ1111111111111) 11111 11111111
1111111 1111111111 111 111111 1111111111111111111111111111111,
1111111111 11 1111111111111111111111111111111 11 11111 11111
81111111 111 ῦ111111 1111111111 ste 11111.

1111 1111111111111111 111111 111111 1111111111 1111111111111
1111111111 1111111111111, 111) bet 111111 11111111111111

111111, 18, 31111162, pag. 382. 388111 389 111 111 1111111111 111
111111111111111111111, 111 11111 111111111811111111 111 1111111 111, 111
Gunn 111111111118111111111. London 1818. p. xxxm'.

1) 1111 111111111111111111111111 &ben 111111 1111111111 1111111111
epistolum 1111111 Britanniae rege, 11 christianus efficeretur per 1111111111·
11111111, 1111111111111, 1111111721. 1. Τ111.Ι.111. 31. &ba 1111111.
1111111119111111111 11 bier Θ111111, in 111 11111 1111. lib. 1. 111. lv. 1111
11111. 111111, 11 1111111111 111 1111511111 1811 111 111 111111111111111
111111811111111. 811 3111 11111111 1111111111 111111, 1111111
1111111 11111111 1111111111 111111, 11111111111111131111111111111111
11111 111. 811111 111 11111111, 8111111111111181111 311115 &ruth
1111111111111111831. 8. zv. 1. Θ. 118. 1111111111111111111111
3111111111 1111111 1111 111 1181111111111111 111 ὓ111111, 111 8111
1111111, 1111 1111 111 111111 3111111111111 111 1111111111 6111111 111

nau 111.

 

